{
 "cells": [
  {
   "cell_type": "markdown",
   "metadata": {},
   "source": [
    "# Joining and Splitting Arrays\n",
    "- concatenate\n",
    "- stack\n",
    "- split\n"
   ]
  },
  {
   "cell_type": "code",
   "execution_count": 1,
   "metadata": {},
   "outputs": [],
   "source": [
    "import numpy as np"
   ]
  },
  {
   "cell_type": "code",
   "execution_count": 2,
   "metadata": {},
   "outputs": [
    {
     "data": {
      "text/plain": [
       "array([[1, 2],\n",
       "       [3, 4]])"
      ]
     },
     "execution_count": 2,
     "metadata": {},
     "output_type": "execute_result"
    }
   ],
   "source": [
    "a = np.array([[1,2],[3,4]])\n",
    "b = np.array([[5,6]])\n",
    "a"
   ]
  },
  {
   "cell_type": "code",
   "execution_count": 3,
   "metadata": {},
   "outputs": [
    {
     "data": {
      "text/plain": [
       "array([[5, 6]])"
      ]
     },
     "execution_count": 3,
     "metadata": {},
     "output_type": "execute_result"
    }
   ],
   "source": [
    "b"
   ]
  },
  {
   "cell_type": "code",
   "execution_count": 5,
   "metadata": {},
   "outputs": [
    {
     "data": {
      "text/plain": [
       "array([[1, 2],\n",
       "       [3, 4],\n",
       "       [5, 6]])"
      ]
     },
     "execution_count": 5,
     "metadata": {},
     "output_type": "execute_result"
    }
   ],
   "source": [
    "together = np.concatenate((a,b),axis=0)\n",
    "together"
   ]
  },
  {
   "cell_type": "code",
   "execution_count": 6,
   "metadata": {},
   "outputs": [
    {
     "data": {
      "text/plain": [
       "(3, 2)"
      ]
     },
     "execution_count": 6,
     "metadata": {},
     "output_type": "execute_result"
    }
   ],
   "source": [
    "together.shape"
   ]
  },
  {
   "cell_type": "code",
   "execution_count": 8,
   "metadata": {},
   "outputs": [
    {
     "data": {
      "text/plain": [
       "array([[  1,   2],\n",
       "       [  3, 555],\n",
       "       [  5,   6]])"
      ]
     },
     "execution_count": 8,
     "metadata": {},
     "output_type": "execute_result"
    }
   ],
   "source": [
    "together[1,1] = 555\n",
    "together"
   ]
  },
  {
   "cell_type": "code",
   "execution_count": 9,
   "metadata": {},
   "outputs": [
    {
     "data": {
      "text/plain": [
       "array([[1, 2],\n",
       "       [3, 4]])"
      ]
     },
     "execution_count": 9,
     "metadata": {},
     "output_type": "execute_result"
    }
   ],
   "source": [
    "a"
   ]
  },
  {
   "cell_type": "code",
   "execution_count": 10,
   "metadata": {},
   "outputs": [
    {
     "data": {
      "text/plain": [
       "array([[ 8, 11],\n",
       "       [14, 17]])"
      ]
     },
     "execution_count": 10,
     "metadata": {},
     "output_type": "execute_result"
    }
   ],
   "source": [
    "c = np.array([[1,2],[3,4]])*3+5\n",
    "c"
   ]
  },
  {
   "cell_type": "code",
   "execution_count": 11,
   "metadata": {},
   "outputs": [
    {
     "data": {
      "text/plain": [
       "array([[ 1,  2,  8, 11],\n",
       "       [ 3,  4, 14, 17]])"
      ]
     },
     "execution_count": 11,
     "metadata": {},
     "output_type": "execute_result"
    }
   ],
   "source": [
    "np.concatenate((a,c),axis=1)"
   ]
  },
  {
   "cell_type": "code",
   "execution_count": 13,
   "metadata": {},
   "outputs": [
    {
     "data": {
      "text/plain": [
       "array([[[0.63714542, 0.62903057, 0.87236373, 0.12880355],\n",
       "        [0.44387527, 0.99828283, 0.75395839, 0.41490155],\n",
       "        [0.36525125, 0.44539383, 0.48610237, 0.77761015]],\n",
       "\n",
       "       [[0.62491023, 0.78131278, 0.44887362, 0.28467223],\n",
       "        [0.25267281, 0.9094427 , 0.22852442, 0.00155402],\n",
       "        [0.85723974, 0.60382648, 0.2730019 , 0.45178151]],\n",
       "\n",
       "       [[0.18309017, 0.56568828, 0.58811124, 0.17837482],\n",
       "        [0.42663091, 0.20499416, 0.50846456, 0.51801714],\n",
       "        [0.16092012, 0.35427617, 0.50042211, 0.21076884]],\n",
       "\n",
       "       [[0.67916794, 0.22482793, 0.89295358, 0.5386721 ],\n",
       "        [0.06717054, 0.59157546, 0.72801835, 0.44627294],\n",
       "        [0.95803651, 0.85270037, 0.23871158, 0.91922641]],\n",
       "\n",
       "       [[0.03776121, 0.87652827, 0.39328186, 0.36874878],\n",
       "        [0.01003166, 0.82377378, 0.69980656, 0.27265703],\n",
       "        [0.23110512, 0.49646191, 0.74732808, 0.17873164]]])"
      ]
     },
     "execution_count": 13,
     "metadata": {},
     "output_type": "execute_result"
    }
   ],
   "source": [
    "arrays = np.zeros((5,3,4))\n",
    "for n in range(5):\n",
    "    arrays[n] = np.random.rand(3,4)\n",
    "arrays"
   ]
  },
  {
   "cell_type": "code",
   "execution_count": 15,
   "metadata": {},
   "outputs": [],
   "source": [
    "stack0 = np.stack(arrays,axis=0)\n",
    "stack1 = np.stack(arrays, axis=1)\n",
    "stack2 = np.stack(arrays,axis=2)"
   ]
  },
  {
   "cell_type": "code",
   "execution_count": 16,
   "metadata": {},
   "outputs": [
    {
     "data": {
      "text/plain": [
       "array([[[0.63714542, 0.62903057, 0.87236373, 0.12880355],\n",
       "        [0.44387527, 0.99828283, 0.75395839, 0.41490155],\n",
       "        [0.36525125, 0.44539383, 0.48610237, 0.77761015]],\n",
       "\n",
       "       [[0.62491023, 0.78131278, 0.44887362, 0.28467223],\n",
       "        [0.25267281, 0.9094427 , 0.22852442, 0.00155402],\n",
       "        [0.85723974, 0.60382648, 0.2730019 , 0.45178151]],\n",
       "\n",
       "       [[0.18309017, 0.56568828, 0.58811124, 0.17837482],\n",
       "        [0.42663091, 0.20499416, 0.50846456, 0.51801714],\n",
       "        [0.16092012, 0.35427617, 0.50042211, 0.21076884]],\n",
       "\n",
       "       [[0.67916794, 0.22482793, 0.89295358, 0.5386721 ],\n",
       "        [0.06717054, 0.59157546, 0.72801835, 0.44627294],\n",
       "        [0.95803651, 0.85270037, 0.23871158, 0.91922641]],\n",
       "\n",
       "       [[0.03776121, 0.87652827, 0.39328186, 0.36874878],\n",
       "        [0.01003166, 0.82377378, 0.69980656, 0.27265703],\n",
       "        [0.23110512, 0.49646191, 0.74732808, 0.17873164]]])"
      ]
     },
     "execution_count": 16,
     "metadata": {},
     "output_type": "execute_result"
    }
   ],
   "source": [
    "stack0"
   ]
  },
  {
   "cell_type": "code",
   "execution_count": 17,
   "metadata": {},
   "outputs": [
    {
     "data": {
      "text/plain": [
       "array([[[0.63714542, 0.62903057, 0.87236373, 0.12880355],\n",
       "        [0.62491023, 0.78131278, 0.44887362, 0.28467223],\n",
       "        [0.18309017, 0.56568828, 0.58811124, 0.17837482],\n",
       "        [0.67916794, 0.22482793, 0.89295358, 0.5386721 ],\n",
       "        [0.03776121, 0.87652827, 0.39328186, 0.36874878]],\n",
       "\n",
       "       [[0.44387527, 0.99828283, 0.75395839, 0.41490155],\n",
       "        [0.25267281, 0.9094427 , 0.22852442, 0.00155402],\n",
       "        [0.42663091, 0.20499416, 0.50846456, 0.51801714],\n",
       "        [0.06717054, 0.59157546, 0.72801835, 0.44627294],\n",
       "        [0.01003166, 0.82377378, 0.69980656, 0.27265703]],\n",
       "\n",
       "       [[0.36525125, 0.44539383, 0.48610237, 0.77761015],\n",
       "        [0.85723974, 0.60382648, 0.2730019 , 0.45178151],\n",
       "        [0.16092012, 0.35427617, 0.50042211, 0.21076884],\n",
       "        [0.95803651, 0.85270037, 0.23871158, 0.91922641],\n",
       "        [0.23110512, 0.49646191, 0.74732808, 0.17873164]]])"
      ]
     },
     "execution_count": 17,
     "metadata": {},
     "output_type": "execute_result"
    }
   ],
   "source": [
    "stack1"
   ]
  },
  {
   "cell_type": "code",
   "execution_count": 18,
   "metadata": {},
   "outputs": [
    {
     "data": {
      "text/plain": [
       "array([[[0.63714542, 0.62491023, 0.18309017, 0.67916794, 0.03776121],\n",
       "        [0.62903057, 0.78131278, 0.56568828, 0.22482793, 0.87652827],\n",
       "        [0.87236373, 0.44887362, 0.58811124, 0.89295358, 0.39328186],\n",
       "        [0.12880355, 0.28467223, 0.17837482, 0.5386721 , 0.36874878]],\n",
       "\n",
       "       [[0.44387527, 0.25267281, 0.42663091, 0.06717054, 0.01003166],\n",
       "        [0.99828283, 0.9094427 , 0.20499416, 0.59157546, 0.82377378],\n",
       "        [0.75395839, 0.22852442, 0.50846456, 0.72801835, 0.69980656],\n",
       "        [0.41490155, 0.00155402, 0.51801714, 0.44627294, 0.27265703]],\n",
       "\n",
       "       [[0.36525125, 0.85723974, 0.16092012, 0.95803651, 0.23110512],\n",
       "        [0.44539383, 0.60382648, 0.35427617, 0.85270037, 0.49646191],\n",
       "        [0.48610237, 0.2730019 , 0.50042211, 0.23871158, 0.74732808],\n",
       "        [0.77761015, 0.45178151, 0.21076884, 0.91922641, 0.17873164]]])"
      ]
     },
     "execution_count": 18,
     "metadata": {},
     "output_type": "execute_result"
    }
   ],
   "source": [
    "stack2"
   ]
  },
  {
   "cell_type": "code",
   "execution_count": 19,
   "metadata": {},
   "outputs": [
    {
     "data": {
      "text/plain": [
       "[array([0, 1, 2, 3, 4])]"
      ]
     },
     "execution_count": 19,
     "metadata": {},
     "output_type": "execute_result"
    }
   ],
   "source": [
    "temp = np.arange(5)\n",
    "np.split(temp,1)"
   ]
  },
  {
   "cell_type": "code",
   "execution_count": 20,
   "metadata": {},
   "outputs": [
    {
     "data": {
      "text/plain": [
       "(5, 3, 4)"
      ]
     },
     "execution_count": 20,
     "metadata": {},
     "output_type": "execute_result"
    }
   ],
   "source": [
    "before_split = stack0\n",
    "before_split.shape"
   ]
  },
  {
   "cell_type": "code",
   "execution_count": 21,
   "metadata": {},
   "outputs": [
    {
     "data": {
      "text/plain": [
       "[array([[[0.63714542, 0.62903057, 0.87236373, 0.12880355],\n",
       "         [0.44387527, 0.99828283, 0.75395839, 0.41490155],\n",
       "         [0.36525125, 0.44539383, 0.48610237, 0.77761015]]]),\n",
       " array([[[0.62491023, 0.78131278, 0.44887362, 0.28467223],\n",
       "         [0.25267281, 0.9094427 , 0.22852442, 0.00155402],\n",
       "         [0.85723974, 0.60382648, 0.2730019 , 0.45178151]]]),\n",
       " array([[[0.18309017, 0.56568828, 0.58811124, 0.17837482],\n",
       "         [0.42663091, 0.20499416, 0.50846456, 0.51801714],\n",
       "         [0.16092012, 0.35427617, 0.50042211, 0.21076884]]]),\n",
       " array([[[0.67916794, 0.22482793, 0.89295358, 0.5386721 ],\n",
       "         [0.06717054, 0.59157546, 0.72801835, 0.44627294],\n",
       "         [0.95803651, 0.85270037, 0.23871158, 0.91922641]]]),\n",
       " array([[[0.03776121, 0.87652827, 0.39328186, 0.36874878],\n",
       "         [0.01003166, 0.82377378, 0.69980656, 0.27265703],\n",
       "         [0.23110512, 0.49646191, 0.74732808, 0.17873164]]])]"
      ]
     },
     "execution_count": 21,
     "metadata": {},
     "output_type": "execute_result"
    }
   ],
   "source": [
    "s0 = np.split(before_split,5,axis=0)\n",
    "s0"
   ]
  },
  {
   "cell_type": "code",
   "execution_count": 22,
   "metadata": {},
   "outputs": [
    {
     "data": {
      "text/plain": [
       "list"
      ]
     },
     "execution_count": 22,
     "metadata": {},
     "output_type": "execute_result"
    }
   ],
   "source": [
    "type(s0)"
   ]
  },
  {
   "cell_type": "code",
   "execution_count": 24,
   "metadata": {},
   "outputs": [
    {
     "data": {
      "text/plain": [
       "array([[[0.62491023, 0.78131278, 0.44887362, 0.28467223],\n",
       "        [0.25267281, 0.9094427 , 0.22852442, 0.00155402],\n",
       "        [0.85723974, 0.60382648, 0.2730019 , 0.45178151]]])"
      ]
     },
     "execution_count": 24,
     "metadata": {},
     "output_type": "execute_result"
    }
   ],
   "source": [
    "s0[1]"
   ]
  },
  {
   "cell_type": "code",
   "execution_count": 25,
   "metadata": {},
   "outputs": [
    {
     "data": {
      "text/plain": [
       "(1, 3, 4)"
      ]
     },
     "execution_count": 25,
     "metadata": {},
     "output_type": "execute_result"
    }
   ],
   "source": [
    "s0[1].shape"
   ]
  },
  {
   "cell_type": "code",
   "execution_count": 26,
   "metadata": {},
   "outputs": [
    {
     "data": {
      "text/plain": [
       "[array([[[0.63714542, 0.62903057, 0.87236373, 0.12880355]],\n",
       " \n",
       "        [[0.62491023, 0.78131278, 0.44887362, 0.28467223]],\n",
       " \n",
       "        [[0.18309017, 0.56568828, 0.58811124, 0.17837482]],\n",
       " \n",
       "        [[0.67916794, 0.22482793, 0.89295358, 0.5386721 ]],\n",
       " \n",
       "        [[0.03776121, 0.87652827, 0.39328186, 0.36874878]]]),\n",
       " array([[[0.44387527, 0.99828283, 0.75395839, 0.41490155]],\n",
       " \n",
       "        [[0.25267281, 0.9094427 , 0.22852442, 0.00155402]],\n",
       " \n",
       "        [[0.42663091, 0.20499416, 0.50846456, 0.51801714]],\n",
       " \n",
       "        [[0.06717054, 0.59157546, 0.72801835, 0.44627294]],\n",
       " \n",
       "        [[0.01003166, 0.82377378, 0.69980656, 0.27265703]]]),\n",
       " array([[[0.36525125, 0.44539383, 0.48610237, 0.77761015]],\n",
       " \n",
       "        [[0.85723974, 0.60382648, 0.2730019 , 0.45178151]],\n",
       " \n",
       "        [[0.16092012, 0.35427617, 0.50042211, 0.21076884]],\n",
       " \n",
       "        [[0.95803651, 0.85270037, 0.23871158, 0.91922641]],\n",
       " \n",
       "        [[0.23110512, 0.49646191, 0.74732808, 0.17873164]]])]"
      ]
     },
     "execution_count": 26,
     "metadata": {},
     "output_type": "execute_result"
    }
   ],
   "source": [
    "s1 = np.split(before_split,3,axis=1)\n",
    "s1"
   ]
  },
  {
   "cell_type": "code",
   "execution_count": 27,
   "metadata": {},
   "outputs": [
    {
     "data": {
      "text/plain": [
       "[array([[[0.63714542],\n",
       "         [0.44387527],\n",
       "         [0.36525125]],\n",
       " \n",
       "        [[0.62491023],\n",
       "         [0.25267281],\n",
       "         [0.85723974]],\n",
       " \n",
       "        [[0.18309017],\n",
       "         [0.42663091],\n",
       "         [0.16092012]],\n",
       " \n",
       "        [[0.67916794],\n",
       "         [0.06717054],\n",
       "         [0.95803651]],\n",
       " \n",
       "        [[0.03776121],\n",
       "         [0.01003166],\n",
       "         [0.23110512]]]), array([[[0.62903057],\n",
       "         [0.99828283],\n",
       "         [0.44539383]],\n",
       " \n",
       "        [[0.78131278],\n",
       "         [0.9094427 ],\n",
       "         [0.60382648]],\n",
       " \n",
       "        [[0.56568828],\n",
       "         [0.20499416],\n",
       "         [0.35427617]],\n",
       " \n",
       "        [[0.22482793],\n",
       "         [0.59157546],\n",
       "         [0.85270037]],\n",
       " \n",
       "        [[0.87652827],\n",
       "         [0.82377378],\n",
       "         [0.49646191]]]), array([[[0.87236373],\n",
       "         [0.75395839],\n",
       "         [0.48610237]],\n",
       " \n",
       "        [[0.44887362],\n",
       "         [0.22852442],\n",
       "         [0.2730019 ]],\n",
       " \n",
       "        [[0.58811124],\n",
       "         [0.50846456],\n",
       "         [0.50042211]],\n",
       " \n",
       "        [[0.89295358],\n",
       "         [0.72801835],\n",
       "         [0.23871158]],\n",
       " \n",
       "        [[0.39328186],\n",
       "         [0.69980656],\n",
       "         [0.74732808]]]), array([[[0.12880355],\n",
       "         [0.41490155],\n",
       "         [0.77761015]],\n",
       " \n",
       "        [[0.28467223],\n",
       "         [0.00155402],\n",
       "         [0.45178151]],\n",
       " \n",
       "        [[0.17837482],\n",
       "         [0.51801714],\n",
       "         [0.21076884]],\n",
       " \n",
       "        [[0.5386721 ],\n",
       "         [0.44627294],\n",
       "         [0.91922641]],\n",
       " \n",
       "        [[0.36874878],\n",
       "         [0.27265703],\n",
       "         [0.17873164]]])]"
      ]
     },
     "execution_count": 27,
     "metadata": {},
     "output_type": "execute_result"
    }
   ],
   "source": [
    "s2 = np.split(before_split,4,axis=2)\n",
    "s2"
   ]
  },
  {
   "cell_type": "code",
   "execution_count": null,
   "metadata": {},
   "outputs": [],
   "source": []
  }
 ],
 "metadata": {
  "kernelspec": {
   "display_name": "Python 3",
   "language": "python",
   "name": "python3"
  },
  "language_info": {
   "codemirror_mode": {
    "name": "ipython",
    "version": 3
   },
   "file_extension": ".py",
   "mimetype": "text/x-python",
   "name": "python",
   "nbconvert_exporter": "python",
   "pygments_lexer": "ipython3",
   "version": "3.7.3"
  }
 },
 "nbformat": 4,
 "nbformat_minor": 1
}
